image: nuri4.pgm
resolution: 0.050000
origin: [-29.793491, -20.365877, 0.000000]
negate: 0
occupied_thresh: 0.65
free_thresh: 0.196

