image: nuri_map_rough3.pgm
resolution: 0.050000
origin: [-30.763666, -22.159544, 0.000000]
negate: 0
occupied_thresh: 0.65
free_thresh: 0.196

